1    2        3           4          5           6           7          8           9        10       11                 12                 13                 14                 15                 16                 17                 18                 19              20              21             22             23          24          25        26        27         28         29         30         31      32                33                   34             35         36            37            38             39
Code BaseT_HC QF_A_WD     QF_B_WD    QF_C_WD     QF_A_WE     QF_B_WE    QF_C_WE     AHMin_WD AHMin_WE AHSlope_Heating_WD AHSlope_Heating_WE AHSlope_Cooling_WD AHSlope_Cooling_WE TCritic_Heating_WD TCritic_Heating_WE TCritic_Cooling_WD TCritic_Cooling_WE EnergyUseProfWD EnergyUseProfWE ActivityProfWD ActivityProfWE TraffProfWD TraffProfWE PopProfWD PopProfWE MinQFMetab MaxQFMetab MinFCMetab MaxFCMetab FrPDDwe FrFossilFuel_Heat FrFossilFuel_NonHeat EF_umolCO2perJ EnEF_v_Jkm FcEF_v_kgkmWD FcEF_v_kgkmWE CO2PointSource TrafficUnits
10   18.2     0.1         0.00986    0.0102      0.1         0.00986    0.0102      15       15       2.7                2.7                2.7                2.7                7                  7                  7                  7                  44              45              55663          55664          701         702         801       802       75         175        120        280        1       0.05              0                    0.0025         3.97e6     0.285         0.285         0              1
11   18.2     0.3081      0.0099     0.0102      0.3081      0.0099     0.0102      -999     -999     -999               -999               -999               -999               -999               -999               -999               -999               44              45              55663          55664          701         702         801       802       75         175        120        280        1       0.05              0                    0.0025         4.11e6     0.38          0.38          0              1
551  18.2     0.1445807   0.0000000  0.0037491   0.1329150   0.0000000  0.0037537   -999     -999     -999               -999               -999               -999               -999               -999               -999               -999               42              43              55663          55664          701         702         801       802       75         175        120        280        1       0.7               0.7                  1.159          3.97e6     0.2069        0.2069        0              1
5512 18.2     0.3081357   0.0098631  0.0101826   0.3081357   0.0098631  0.0101826   -999     -999     -999               -999               -999               -999               -999               -999               -999               -999               42              43              55663          55664          701         702         801       802       75         175        120        280        1       0.7               0.7                  1.159          3.97e6     0.2069        0.2069        0              1
661  18.2     0.3081357   0.0098631  0.0101826   0.3081357   0.0098631  0.0101826   15       15       2.7                2.7                2.7                2.7                7                  7                  7                  7                  42              43              55663          55664          701         702         801       802       75         175        120        280        1       0.7               0.7                  1.159          3.97e6     0.2069        0.2069        0              1
51   18.2     0.1337      0.00986    0.0149      0.1153      0.00986    0.0149      15       15       2.7                2.7                2.7                2.7                7                  7                  7                  7                  44              45              55771          55772          701         702         801       802       75         175        120        280        0.6814  0.05              0                    0.0025         4.11e6     0.285         0.285         0              1
52   18.2     0.1800      0.00986    0.0149      0.1522      0.00986    0.0149      15       15       2.7                2.7                2.7                2.7                7                  7                  7                  7                  44              45              55771          55772          701         702         801       802       75         175        120        280        0.6814  0.05              0                    0.0025         4.11e6     0.285         0.285         0              1
53   18.2     0.0969      0.00986    0.0149      0.0944      0.00986    0.0149      15       15       2.7                2.7                2.7                2.7                7                  7                  7                  7                  44              45              55771          55772          701         702         801       802       75         175        120        280        0.6814  0.05              0                    0.0025         4.11e6     0.285         0.285         0              1
100  18.2     0.1105      0.00       0.0149      0.1084      0.00       0.0149      15       15       2.7                2.7                2.7                2.7                7                  7                  7                  7                  44              45              55771          55772          703         704         801       802       75         175        120        280        0.7673  0.0               0                    0.0025         4.11e6     0.285         0.285         0              1
771  18.2     0.318229863 0.00704918 0.029265873 0.318229863 0.00704918 0.029265873 15       15       2.7                2.7                2.7                2.7                7                  7                  7                  7                  42              43              55663          55664          701         702         801       802       75         175        120        280        1       0.7               0.7                  1.159          3970000    0.2069        0.285         0              1
-9
-9
